5.003682983
5.003682983
5.003682983
5.003682983
5.003682983
3.391897587
5.003682983
5.003682983
5.003682983
5.003682983
5.003682983
5.003682983
5.003682983
5.003682983
5.003682983
5.003682983
5.003682983
5.003682983
5.003682983
5.003682983
5.003682983
5.003682983
5.003682983
5.003682983
5.003682983
5.003682983
5.003682983
5.003682983
5.003682983
5.003682983
5.003682983
1
5.003682983
5.003682983
5.003682983
3.391897587
5.003682983
5.003682983
5.003682983
5.003682983
5.003682983
5.003682983
5.003682983
3.391897587
5.003682983
5.003682983
5.003682983
3.391897587
3.391897587
5.003682983
5.003682983
5.003682983
5.003682983
3.391897587
5.003682983
5.003682983
5.003682983
5.003682983
5.003682983
5.003682983
5.003682983
5.003682983
5.003682983
3.391897587
5.003682983
5.003682983
3.391897587
5.003682983
5.003682983
5.003682983
3.391897587
5.003682983
5.003682983
5.003682983
5.003682983
