5.003682983
5.003682983
5.003682983
5.003682983
5.003682983
3.391897587
5.003682983
5.003682983
5.003682983
5.003682983
1
5.003682983
1
5.003682983
5.003682983
5.003682983
5.003682983
1
5.003682983
5.003682983
5.003682983
5.003682983
5.003682983
5.003682983
5.003682983
3.391897587
5.003682983
5.003682983
5.003682983
5.003682983
5.003682983
5.003682983
5.003682983
5.003682983
5.003682983
5.003682983
5.003682983
1
5.003682983
5.003682983
5.003682983
1
3.391897587
5.003682983
5.003682983
3.391897587
1
3.391897587
5.003682983
5.003682983
5.003682983
5.003682983
3.391897587
5.003682983
5.003682983
5.003682983
1
5.003682983
5.003682983
5.003682983
5.003682983
1
5.003682983
2.641739524
5.003682983
5.003682983
5.003682983
5.003682983
5.003682983
5.003682983
5.003682983
5.003682983
5.003682983
5.003682983
5.003682983
